0,404
0,387
364,35
347,4
347,1
347,3
10,261
10,171
10,127
10,153
10,189
10,273
10,79
10,219
11,16
11,10
11,14
11,20
11,6
8,15
8,6
8,9
8,7
361,4
361,3
361,2
361,1
361,0
359,5
359,4
359,3
359,2
359,1
359,0
356,5
356,4
356,3
356,2
356,1
356,0
353,3
353,2
353,1
353,0
352,3
352,2
352,1
352,0
351,3
351,2
351,1
351,0
350,5
350,4
350,1
350,3
350,2
20,3
20,2
20,1
19,3
19,2
19,1
18,3
18,1
14,3
14,1
12,3
13,1
12,2
13,3
12,1
11,29
11,27
11,24
11,13
11,11
11,4
11,3
11,2
11,1
10,317
10,285
10,263
10,209
10,155
10,143
10,75
10,33
10,3
10,2
10,1
9,7
9,5
9,3
9,2
9,1
8,18
8,17
8,14
8,12
8,11
8,10
8,5
2,2
2,1
8,3
8,2
2,3
8,1
3,3
3,2
3,1
